        37.8483         180.14        179.431        2.18531   -4.58255e+07   -1.65957e+06
        38.1423        192.564        179.751        2.32959          50721   -3.31499e+07
        37.9403         204.04       -179.712        2.48688   -3.19021e+06   -4.35773e+07
        38.4204        214.274       -179.836        2.65116    5.43869e+07   -4.58986e+07
        38.4371         223.68        179.903        2.81583    9.22991e+07   -4.17117e+07
          37.68        233.285       -179.558         2.9745    1.43027e+08   -3.10281e+07
         37.553        241.585        179.906        3.11115    2.07915e+08   -1.50295e+06
        37.9109        250.102       -179.809          3.255    2.86535e+08        22293.4
        37.5283        258.166        179.761        3.38218    3.65644e+08   -1.60672e+07
        37.2884         265.22        179.063        3.48024    4.52375e+08    5.77693e+07

        85.7508        250.487        160.964        1.78122        12904.2         363744
        82.8129        265.381        175.783        1.89141        5752.75         958552
        79.3902        260.727        171.153        1.94906        680.058    1.74794e+06
        74.1845        263.705        174.205        2.03968        16.5619    1.79674e+06
        68.2383        265.934        176.348         2.1402         174973    1.78873e+06
        63.8726         264.48        174.911        2.21048   -1.75618e+06     1.7423e+06
        58.8846        265.159        175.452         2.2941    3.56306e+06    1.73433e+06
        53.5356        265.444        175.767        2.37894   -3.32835e+07    1.80679e+06
        48.7435        265.978        176.259        2.45264   -4.22158e+07    1.75518e+06
        43.2495        266.435        176.649        2.52642    -5.1078e+07    1.80078e+06
        39.1291        266.414        176.445        2.58454   -5.54101e+07    1.79971e+06
         33.807        266.612        176.507        2.64915   -5.54386e+07    1.76862e+06
        28.5562        267.671        177.967        2.70642   -4.34339e+07    1.73597e+06

        60.7068        189.051       -105.631        2.46591    1.41343e+06         772504
        60.1717        188.782       -96.2363        2.46692         737377    2.33231e+06
        59.7121        189.116       -85.6216        2.46754         608484    4.19409e+06
        59.6203        188.306       -78.4224        2.46384        -688111    1.83784e+06
        58.8418        187.465       -69.0992        2.46089       -38167.5    3.36938e+06
        58.1682        187.157       -57.6561        2.46267         175706    9.68341e+06
        57.8645        186.637       -48.3205        2.46304        -168777    8.50139e+06
        58.1956        185.177        -38.537        2.45915   -4.28011e+06    1.27989e+07
        57.6445        184.378       -31.3775         2.4598        -995044    1.39929e+07
        57.2741        183.529       -21.3778        2.46096        -139707    1.99258e+07

        63.6341        318.406         149.46         2.1699   -1.64588e+06   -1.65202e+06
         66.723        324.093        157.503        2.14948    8.52953e+07    7.88076e+08
        60.5733        314.646        143.962        2.14825   -3.01004e+06    1.70799e+08
        61.8826         316.02        146.038        2.16195   -5.31109e+07   -5.40773e+07
        67.8034        318.824        150.092        2.14952    1.15622e+08   -3.48136e+07
         67.855        316.307        146.176        2.14141    2.41331e+08   -4.78186e+07
        63.1289        319.023        149.357        2.18651   -4.61092e+07   -8.71737e+06
        64.5458        311.403        138.479        2.13963        -382838   -8.95065e+08
        64.7481        322.795        155.062        2.17551         1890.9    6.63994e+08

        50.7197        51.7489       -148.249         2.8287   -5.62912e+07   -5.32469e+07
        49.7148        51.6915       -146.055        2.79627    1.13702e+08    1.76091e+06
        49.1389        49.7664       -146.768        2.79557    1.74422e+08   -4.76399e+06
        49.6947         48.312       -146.666        2.81345    3.94818e+08    5.58592e+07
        50.3521        46.5793       -147.348         2.8052   -7.61841e+08    7.54637e+07
        49.8652        43.9482       -148.857        2.80169   -8.51061e+08    1.90528e+08
